C:\Users\Silvia\Desktop\curva eliptica\proyecto moderno\sumaresta - copia\cifrar y desifrar extendido

cadenaNum= ningunconsol; suele fallar... //

cifrar 1 2 5
descifrar 6 4 3

llaves de prueva 2 5 78


L1j2if3q4nj5LN6g782M9FnSNpbyjmG7yEZvNXGJbRowUQMbumd3w84J



6113288, 6287190, 6345145, 3041024, 4606144, 4722070, 6750920, 3214925, 6577028, 6345168, 5011906, 3156963, 3098997, 6171253, 3330863, 4664120, 3504764, 4258348, 6577024, 4606133, 6345147, 5881420, 6692959, 7214662, 4722084, 6519062, 4316309, 3388826, 7214650, 4200378, 4316311, 7040752, 4722075, 4490224, 5417684, 5301737, 5881407, 4953938, 6634982, 7098725, 5127843, 4895982, 4664112, 5881408, 6982797, 6519048, 5997343, 3156972, 7098731, 3446810, 3214933, 4490203

